51002 1834
51269 1735
51268 1097
51267 1654
51265 1873
51263 1430
51262 967
51261 1731
51260 1941
50648 1183
50649 1932
51069 802
51068 1376
50642 933
50643 814
51067 770
51066 1201
50646 154
50647 945
51063 1140
50645 1174
51285 1120
56582 1775
51287 1122
51286 1922
56587 31
56586 553
51283 1605
56584 1718
56588 187
51289 1260
51288 1643
13607 368
13606 1885
13605 1511
13609 844
13608 1857
13544 946
13545 1407
13546 998
13547 1177
13540 829
13541 1915
13542 1879
13543 817
13548 1353
13549 768
51115 1804
51114 886
51117 1162
51116 1664
51111 1750
51110 631
51113 917
51119 1006
51118 1357
49769 1292
49768 217
49767 1778
49766 564
49765 381
49764 198
49763 300
49762 698
49761 1791
49760 900
57184 1499
57185 1947
57186 756
57180 1800
57181 1640
57182 1970
57183 1546
50355 1784
49947 250
49946 331
49945 1079
49944 1329
49943 592
49942 1645
49941 24
49940 141
50640 1617
49949 595
49948 335
49785 285
49784 779
49787 420
50641 1039
49781 1934
49780 734
49783 1552
49782 925
51061 1765
49789 676
49788 594
51060 348
13059 1881
50644 1688
13052 136
13053 140
13050 137
13051 135
13056 139
13057 1137
13054 142
13055 138
56583 1964
51284 1926
51281 1604
51280 1641
56585 1886
51282 1895
50099 1382
50098 869
50097 616
50095 867
50093 347
50092 688
50091 1682
50090 800
50259 1057
50258 1914
50709 1028
50708 841
50255 870
50706 1274
50257 1146
50704 1205
50703 1666
50250 350
50701 1178
50252 90
50897 1626
50896 1267
50895 752
50894 1225
50892 1519
50891 1504
50890 428
50899 1149
50898 526
50418 913
50413 1963
50412 165
50411 1223
50410 1896
50417 1232
50416 1310
50415 1406
50414 1665
50677 73
50676 17
50675 244
50674 1245
50673 1705
50672 1891
50671 1065
50670 318
51270 1034
51271 1656
51272 1594
51273 1749
51274 1748
51275 1657
51276 1596
51277 1113
50075 240
50074 546
50077 1189
50076 184
50071 497
50070 315
51078 533
51079 299
51076 1355
51077 630
51074 1233
51075 804
51072 1270
50078 505
51070 1747
51071 310
51296 1615
51297 338
51294 1131
51295 1717
51292 1714
51293 1132
51290 1611
51291 1647
51298 1134
51299 1719
13614 944
13610 1208
13611 1304
13612 1209
13613 943
13539 222
51106 1320
51107 205
51104 1147
51105 1739
51102 906
51103 1736
51100 1622
51101 1222
50327 723
51108 876
51109 1672
49778 781
49779 38
50326 1421
49770 790
49771 447
49772 49
49773 164
49774 816
49775 346
49776 1821
49777 483
50323 33
13281 1179
13280 669
50325 1415
57069 1898
57112 1480
57067 238
57066 1575
49809 1745
57080 1674
57114 1084
49950 72
49951 67
49952 1490
49953 1542
49954 393
49955 887
49956 0
49957 366
49958 454
49959 573
49805 293
49796 1930
49797 455
49794 213
49795 954
49792 131
49793 848
49790 1492
49791 328
49798 704
49799 1241
50324 1671
50088 146
50089 1918
50080 334
50081 1613
50082 306
50083 1420
50084 654
50085 1944
50086 858
50087 80
50718 959
50719 1365
50248 606
50249 986
50710 247
50711 851
50712 466
50245 862
50242 1346
50243 1347
50240 516
50241 797
50880 1278
50881 1038
50882 1761
50883 798
50884 1373
50885 863
50886 34
50887 1620
50888 155
50889 158
50404 556
50405 1315
50406 1059
50407 1139
50400 424
50401 152
50402 372
50403 1349
50408 558
50409 1350
50660 531
50661 1409
50662 1356
50663 720
50664 1459
50665 539
50666 1422
50667 724
50668 1429
50669 1273
50066 931
50067 1567
51049 845
50065 633
50062 881
50063 1256
50060 283
50061 693
51043 1293
51042 1710
51040 1561
51047 503
51046 1528
51045 548
50069 1020
50523 1618
50522 1486
50520 1685
56699 1972
56698 1931
56697 1940
56696 322
50034 1439
50525 685
50036 1431
56675 1846
56677 427
56676 966
56671 449
56673 1095
56672 265
56679 784
56678 709
13520 419
50426 1753
51224 1524
12039 1917
51133 598
51132 1585
51131 1715
51137 1722
51136 961
51135 1246
51134 602
51139 1588
51138 1333
50424 636
13458 453
13459 1386
13456 1684
13457 1370
13454 1264
13455 1428
13453 1526
50425 1755
57078 1165
57079 732
57070 857
57071 1571
57072 1951
57073 730
57074 1314
57075 1662
57076 1302
57077 1887
49891 826
49890 563
49893 928
49892 401
49895 269
49894 201
49897 782
49896 1472
49899 1319
49898 88
57098 1787
57099 219
50420 1827
50509 234
13279 899
51083 1869
50629 1569
50279 1507
50278 1548
50273 948
50272 1433
50271 706
50270 10
50277 951
50276 124
50275 1394
50274 671
50622 1217
50623 1187
50879 1670
50878 854
50875 508
50874 713
50876 1128
50871 1636
50870 504
50873 1436
50872 507
50181 1186
50180 930
50183 1036
50182 384
50185 694
50184 390
50187 762
50186 106
50189 1012
50188 56
50471 316
50470 1390
50473 587
50472 498
50475 321
50474 1455
50477 1911
50479 129
50478 1799
50989 1673
50988 1601
50981 1493
50980 1112
50983 1751
50982 1234
50985 1426
50984 495
50987 638
50986 1259
51054 371
51055 149
51056 1861
51057 765
50699 1321
51051 596
51052 514
51053 682
50695 1250
50694 786
50697 1309
50696 280
50691 1249
50690 618
50693 1559
50053 159
50052 1438
50051 561
50050 485
50057 620
50508 1027
50055 486
50054 927
50505 1760
50504 1877
50059 309
50058 490
50501 1820
50500 1389
50503 1599
50502 303
50439 1180
56680 360
56681 435
56682 436
56684 439
56666 27
56667 1313
56664 1463
56665 1659
56662 716
56663 1049
56660 822
56661 1892
56668 1868
56669 1089
13519 1683
13517 1790
13516 1398
13514 61
13513 1534
13512 1783
13511 441
51128 1070
51129 957
51124 462
51125 1836
51126 953
51127 956
51120 1401
51121 1244
51122 949
51123 1905
13460 345
49882 1284
49883 831
49880 204
49881 1702
49886 1960
49887 185
49884 1019
49885 103
49888 626
49889 433
56268 1332
51141 1872
0 294
50776 430
49786 1501
50777 1703
50802 1042
50775 525
50804 1047
50773 524
50806 1863
50807 990
50264 1158
50265 1002
50266 935
50267 1216
50260 834
50261 695
50262 1462
50263 1816
50268 109
50269 1229
50868 640
50869 978
50866 1854
50867 1495
50864 1939
50865 1764
50862 386
50863 230
50861 1056
50192 1342
50193 1413
50190 496
50191 585
50196 122
50197 319
50194 1397
50195 547
50198 399
50199 242
50334 1377
50462 665
50463 918
50460 297
50461 362
50466 108
50467 1574
50464 385
50465 1852
50468 388
50469 1445
50998 849
50999 1712
50992 940
50993 1044
50990 1123
50991 1858
50996 1825
50997 1899
50994 1043
50995 575
51021 1651
56727 1412
51023 1556
51022 1094
51025 1945
51024 898
50688 761
51026 491
50686 1087
51028 1289
50684 1840
50685 861
50682 1485
50683 601
50680 29
50681 717
56724 1754
50048 1920
50049 1182
50518 1489
50519 648
50044 256
50517 1130
50514 132
50515 1129
50512 212
50513 329
50042 1167
50511 1022
51050 651
50698 909
56653 700
56652 1018
56650 1694
56656 1295
56655 1506
56654 823
51058 1616
56659 1805
51059 1013
13508 1206
13509 1416
13501 1408
13502 662
13503 1927
13504 1897
13505 396
13506 824
13507 1845
50976 1030
51159 1114
51158 494
56273 1936
50977 98
51151 839
51150 1108
51153 882
51152 629
51154 632
51157 971
51156 764
50507 1007
50506 1298
50116 1496
50244 1484
56895 1461
56894 892
56897 1164
56896 809
56891 1527
56890 1880
56893 644
56892 1958
56899 1818
56898 1795
49989 1181
49988 22
49983 225
49982 1813
49981 747
49980 1279
49987 1680
49986 1491
49985 196
49984 186
13098 1946
13099 194
13096 1311
13097 333
49855 40
49854 989
49857 262
49856 37
49851 93
49850 1793
49853 1503
49852 286
49859 609
49858 1810
57037 1824
50211 375
50210 391
50213 1207
50212 872
50215 1558
50214 51
50217 378
50216 1655
50219 1966
50218 1388
50859 1197
50858 1338
50853 1099
50852 929
50851 1697
50850 489
50857 1848
50856 1103
50855 1380
50854 291
50328 1502
50459 740
50458 1383
50457 492
50456 290
50455 287
50454 1214
50321 473
50320 408
50451 868
50450 351
50605 1090
51032 1255
51033 565
51030 1106
51031 1110
51036 107
51037 1752
51034 105
51035 1908
51038 973
51039 1514
50039 1318
50038 15
50529 749
50528 520
50608 480
50254 46
50031 457
50030 670
50033 1402
50032 950
50035 12
50526 1297
50037 463
50524 799
50256 1441
50702 365
50253 1142
51065 1652
50700 1788
50145 535
50144 1237
50147 59
50146 635
50141 221
50140 274
50143 1001
50142 534
50149 111
50148 311
56649 1687
51148 1690
51149 1337
51142 1589
51143 45
51140 614
56269 295
51146 353
51144 1733
51145 91
57139 1913
57138 1107
57135 1446
57134 1198
57137 1339
57136 763
57221 1785
57220 1327
57223 810
57222 1190
57225 645
57224 1758
57227 1275
57226 707
57229 1961
57228 1328
50486 683
50955 1031
50952 1477
50950 1835
50951 1809
56886 1635
56887 1573
51062 1393
56888 1942
56889 1901
49994 1344
49995 1603
49996 1418
49997 7
49990 1403
49991 289
49992 75
49993 279
49998 207
49999 115
50787 1866
13221 344
13223 825
13222 1802
13224 376
50552 1831
50001 919
50550 710
50551 1068
50004 893
50005 1619
49846 99
49847 527
49844 879
49845 100
49842 1448
50006 581
49840 806
49841 754
50007 1959
49848 273
49849 382
50202 1586
50203 721
50200 600
50201 1706
50206 477
50207 703
50204 1890
50205 1943
50208 1051
50209 1169
50822 1766
50791 1243
49658 392
57016 1928
50793 1435
50794 1832
57014 1510
50827 1830
57015 1850
50825 583
49843 174
50448 425
50449 1280
50338 714
50339 1742
50440 960
50337 1479
50442 342
50443 780
50444 1288
50333 562
50446 1324
50331 897
50534 356
50535 380
50536 753
50530 521
50531 1184
51009 850
50533 996
51007 1549
51006 1838
51004 1508
50538 803
50539 1269
51001 1066
51000 1562
50844 733
50845 260
50028 410
50847 866
50840 474
50842 1826
50843 1844
50022 361
50023 440
50020 1883
50021 275
50026 58
50027 540
50024 1789
50025 1464
50017 1955
50156 320
50157 325
50154 891
50155 1466
50152 459
50153 588
50150 69
50151 1399
51313 1851
51312 1875
51311 1658
51310 1597
51317 1116
51316 1600
51315 1115
50159 1949
51177 1135
51176 1469
51175 1614
51174 1133
51173 1054
51172 515
51171 1612
51170 1035
51179 859
51178 1721
56529 452
51278 1111
51279 493
51020 1555
57232 777
57230 1582
57231 1971
50452 1454
50679 1638
50678 852
50073 889
50072 9
50079 417
51073 1956
49873 243
49872 1828
49871 932
49870 795
49877 304
49876 117
49875 888
49874 1505
49879 233
49878 4
50957 1713
56940 1950
50239 1404
50238 292
50237 128
50236 16
50235 646
50234 245
50233 1606
50232 1560
50231 1500
50230 643
50309 1679
50308 1239
50303 1005
50302 1285
50301 696
50300 580
50307 64
50306 1220
50305 1385
50304 541
50493 1281
50492 617
50491 209
50490 43
50497 355
50496 92
50494 352
50945 1203
50944 1867
50499 1144
50498 702
50941 1633
50940 180
50943 1396
50942 568
50541 885
50016 1218
50543 936
50542 1228
50545 1161
50012 701
50011 266
50010 1176
51010 255
50548 442
51012 759
51013 1086
51014 1768
51015 301
50019 215
50018 997
50831 1837
50830 19
50785 1159
50784 1004
50835 549
50834 776
50781 883
50836 1078
50839 1210
50838 924
50789 1812
50788 639
51304 874
51305 1907
51306 1740
51307 1592
51300 1874
51301 1098
51302 1590
51303 1100
51308 1591
51309 1105
50163 681
50162 1529
50161 1538
50160 296
50167 1772
50166 1678
50165 1468
50164 1331
50169 32
50168 257
51160 1856
51161 1119
51162 70
51164 1452
51166 1757
51167 506
51168 502
51169 1608
50441 1696
56534 774
56532 1358
56533 1287
56530 1819
50335 788
57113 1303
50332 487
57111 143
57110 1366
57117 1082
57116 1081
57115 1085
50445 153
50330 785
13429 1512
13428 769
13427 1268
13426 1188
13425 1902
50447 231
12336 1937
49868 252
49869 512
49864 1759
49865 677
49866 1173
49867 1011
49860 35
49861 554
49862 1447
49863 796
50934 661
50228 1219
50229 1494
50220 970
50221 741
50222 579
50223 1258
50224 1238
50225 1541
50226 60
50227 975
56726 1522
50936 281
50314 1021
50315 758
50316 923
50310 1833
50311 1578
50312 1317
50313 1424
50318 1423
50319 1294
50532 690
50937 1743
51008 1075
50488 1470
50489 1265
50958 1077
50959 1581
50484 79
50485 1384
50954 465
50487 604
50480 1312
50481 552
50482 1467
50483 339
50659 1628
50000 200
50553 589
50002 30
50003 605
50556 846
50557 402
50554 1199
50555 1780
50008 1669
50009 1026
50558 757
50559 1395
50846 1387
50790 458
50823 1163
50820 389
50029 62
50826 1060
50795 400
50824 1756
50797 203
50798 955
50799 76
50828 1545
50829 235
50922 1888
50438 1708
50929 1893
50435 214
50926 1351
50437 326
50924 766
51029 1525
50848 1487
50849 1359
50178 267
50179 211
50174 160
50175 619
50176 183
50432 1483
50170 42
50171 1686
50172 815
50173 1375
51199 666
51198 1630
51195 1156
51197 1271
51196 1811
51191 1354
51190 528
51193 1154
51192 1155
51209 1815
51208 1610
51205 847
51204 1859
51207 1025
51206 1391
51201 1124
51200 1126
51203 1345
51202 1127
13438 821
13439 1449
13430 1326
13431 1498
13432 1460
13433 1450
13434 364
13435 1921
13437 1023
57218 104
57219 1272
49671 249
49670 1704
49673 74
49672 18
49675 1048
49674 464
49677 1235
49676 448
49679 904
49678 1400
57104 305
57105 1476
57106 1967
57107 833
57100 1774
57101 1924
57102 450
57103 1523
57108 890
57109 1073
51253 599
57068 1935
49709 26
49708 1212
49705 1076
49704 1425
49707 551
49706 423
49701 253
49700 78
49703 468
49702 23
51229 1627
13218 1699
13219 1539
49819 965
49818 1335
50658 1557
49811 1969
49810 482
49813 481
49812 1092
49815 261
49814 85
49817 560
49816 916
13108 819
13109 1762
13104 1681
13105 660
13106 1290
13107 1478
13100 1374
13101 908
13102 875
51098 1716
50650 995
49925 691
49924 1045
49927 1033
49926 1213
49921 358
49920 1806
49923 663
49922 1796
49929 791
49928 792
50158 952
50923 1862
50361 1016
50360 1037
50363 517
50362 147
50365 81
50364 718
50367 83
50366 894
50369 1405
50368 1195
50921 1792
50969 479
50968 686
50963 1587
50962 1168
50960 475
50967 657
50965 156
50964 1482
50569 1334
50568 1726
50567 1248
50565 84
50564 202
50563 1517
50562 1692
50561 597
50560 472
50817 1814
50769 557
50768 259
50819 1744
50818 934
50765 1348
50816 432
50815 999
50814 1629
50761 82
50760 985
50811 827
50762 1776
50585 1675
50584 972
50587 387
50586 1779
50581 1109
50580 793
50583 177
50582 794
50589 179
50588 228
12506 1910
50109 901
50108 413
50101 277
50100 224
50103 57
50102 363
50105 110
50104 1532
50107 722
50106 63
51188 1668
51189 523
51186 1141
51187 1653
51184 1864
51185 992
51182 1621
51183 1865
51180 1728
51181 1009
50615 1741
50614 1849
50617 431
50616 170
50611 787
50610 818
50613 379
50612 1254
51216 1040
51217 1724
51214 1957
51215 1912
50618 878
51210 1017
51211 1136
56993 1953
56994 1010
49662 832
49663 920
49660 190
49661 476
49666 678
49667 469
49664 813
49665 25
49668 729
49669 1551
13351 1593
13350 1817
13353 406
13352 820
13354 1929
13357 1568
13356 1202
13359 1322
13358 1533
57171 1701
57170 1746
57173 1367
57172 880
57175 434
57174 1521
57177 1153
57176 1531
57179 1803
57178 667
49718 705
49719 843
49716 66
49717 947
49714 641
49715 840
49712 394
49713 1954
49710 939
49711 236
56976 1300
56975 1547
50298 621
50743 1046
50742 637
50741 1598
49808 437
50740 974
49802 171
49803 1520
49800 172
49801 969
49806 284
49807 438
49804 1513
50746 1308
50745 1829
13171 1456
13170 1172
50296 162
49936 570
49937 726
49934 926
49935 902
49932 87
49933 964
49930 1015
49931 559
49938 783
49939 444
50372 1236
50373 751
50370 1554
50371 1919
50376 1623
50377 270
50374 398
50375 1904
50378 1572
50379 1566
50578 1252
50579 272
50570 1362
50571 1763
50572 1798
50573 488
50574 1306
50575 622
50576 736
50577 789
50808 1053
50809 1700
50778 271
50779 1150
50800 864
50801 608
50774 1266
50803 767
50772 993
50805 987
50770 1734
50771 522
50596 501
50597 1372
50594 11
50595 13
50592 1453
50593 1343
50590 68
50591 1434
50598 1515
50599 1277
51027 1689
50689 1843
50974 1737
50975 1101
50118 910
50119 510
50970 1096
50971 1878
50972 1794
50687 555
50112 1125
50113 907
50110 397
50111 241
50978 96
50117 403
50114 807
50115 248
50606 1474
50607 1553
50604 478
51228 1231
50602 895
50603 963
50600 302
50601 1050
51223 1143
51222 771
51221 830
51220 1175
51227 1625
51225 1145
50609 484
56701 337
56700 1227
56702 36
56704 1650
50516 1200
50045 1720
50046 578
50047 760
50040 1894
50041 145
50510 71
50043 150
49659 1091
50453 735
49657 39
49656 1093
49655 308
49654 197
49653 1336
57013 1360
49651 94
49650 737
13346 1282
13347 912
13344 1253
13345 1251
13348 1291
13349 739
13584 208
13585 1379
13586 50
13587 689
13588 1185
13589 1102
13424 1283
57167 1221
57168 1968
57169 994
10072 343
49729 664
49728 1782
49723 1530
49722 359
49721 628
49720 176
49727 167
49726 692
49725 1152
49724 1000
56943 731
56942 28
56941 1695
51019 1725
56947 192
56946 1923
56945 1444
56944 1540
56949 1807
56948 1841
49837 582
49836 921
49835 206
49834 5
49833 6
49832 838
49831 8
49830 237
49839 121
49838 808
13168 1771
13169 1786
13162 828
13163 1340
13160 415
13161 414
13166 743
13167 1770
13164 1698
13165 544
50707 1240
49903 855
49902 673
49901 20
49900 21
49907 679
49906 680
49905 199
49904 336
49909 1263
49908 513
50705 1938
50349 113
50348 1286
50347 1916
50346 181
50345 1381
50344 719
50343 1307
50342 1410
50341 223
50340 566
50299 896
50246 151
50749 977
50748 1488
50247 656
50291 687
50290 89
50293 210
50292 615
50747 191
50294 264
50297 835
50744 114
50713 467
50714 216
50715 550
50716 134
50717 591
50127 1437
50126 1138
50125 307
50124 1194
50123 341
50122 1458
50120 746
50129 748
50128 157
50901 976
50900 65
50903 1117
50902 1544
50905 1808
50904 3
50907 1118
50906 1602
50909 842
50908 1855
51234 1631
51235 1160
51236 537
51237 1634
51230 529
51231 1876
51232 1157
51233 634
51238 1632
51239 1903
50633 1230
50632 1797
50631 418
50630 981
50637 1609
50636 1427
50635 509
50639 1860
50638 511
50391 1667
49648 54
49649 169
49640 178
49641 1257
49642 226
49643 102
49644 175
49645 837
49646 577
49647 101
13374 1330
13373 915
13372 282
13371 1301
13370 369
50393 460
50056 429
57156 655
57155 650
57154 649
57153 1262
57152 1414
57151 1323
57150 652
49734 988
49735 86
49736 1565
49737 1677
49730 288
49731 263
10064 332
49733 613
49738 865
49739 801
56271 1730
56270 1729
56272 1906
49820 1032
49821 195
49822 1839
49823 370
49824 941
49825 674
49826 958
49827 1660
49828 1166
49829 220
49918 182
49919 120
49914 443
49915 239
49916 1299
49917 1341
49910 571
49911 1014
49912 367
49913 313
50359 133
50764 411
50350 1543
50351 499
50352 317
50353 1296
50354 500
50767 684
50356 1644
50357 672
50813 1900
50812 1465
50754 246
50755 1024
50756 116
50757 330
50750 712
50751 324
50752 1801
50753 1029
50758 1442
50759 77
50288 812
50289 1882
50282 725
50283 778
50280 1419
50281 254
50286 1564
50287 1247
50284 144
50285 148
50130 349
50131 161
50132 44
50133 1624
50134 268
50135 623
50136 1822
50137 576
50138 48
50139 625
50912 1550
50913 982
50910 911
50911 745
50916 1226
50917 1909
50914 1261
50915 983
50918 593
50919 1646
51003 1642
51241 708
51240 1063
51243 1064
51245 1577
51244 1067
51247 1363
51246 1069
51249 1071
51248 1072
51086 1709
51085 1061
51084 1062
50628 569
51082 456
51081 1411
51080 1576
50624 1853
50625 1769
50627 542
50620 1316
50621 742
51089 574
51088 461
50388 937
13368 1535
13369 1537
13360 278
13361 416
13362 1773
13363 1676
13364 314
13365 1536
13366 1823
13367 775
49732 905
50064 1595
57148 1171
57149 642
56725 668
51048 1607
56723 1457
56722 298
57140 1965
57141 1371
57142 744
57143 980
57144 1570
57145 1121
57146 1661
57147 1191
49741 519
49740 603
49743 421
49742 1497
49745 675
49744 984
49747 942
49746 1052
49749 856
49748 251
57036 1193
13499 189
50068 407
51044 1711
57038 518
57039 653
51064 1732
49693 624
49692 166
49691 357
49690 97
49697 1440
49696 1378
49695 1352
49694 52
49699 395
49698 426
49969 1151
49968 877
49961 805
49960 538
49963 55
49962 715
49965 173
49964 627
49967 772
49966 446
50721 409
50720 607
50722 962
50725 258
50724 1962
50727 1871
50726 193
50729 612
50728 903
50383 530
50382 451
50381 383
50380 1417
50387 276
50386 1392
50385 532
50384 188
50927 373
50434 728
50925 610
50436 853
50431 1276
50430 123
50433 1224
50920 1369
51218 1471
51219 1727
50527 412
51252 1516
56559 738
51250 1584
51251 471
51256 1648
51257 1088
51254 1870
51255 1649
51258 860
51259 1723
51213 445
51090 422
51091 1080
51094 1767
51095 470
51096 1583
50651 374
51099 1083
50653 1637
50654 1364
50656 1889
13553 1952
13552 1933
13551 1948
13550 1781
49752 14
49753 545
49750 590
49751 1693
49756 979
49757 543
49754 119
49755 584
49758 2
49759 1170
50949 1
50948 1777
56938 1215
56939 1884
56932 1691
56933 1074
56931 1432
56936 1192
56937 1663
56934 327
56935 1563
57041 1305
57040 1196
57043 1518
57042 991
50947 1361
50946 1008
49688 1055
49689 1443
49684 938
49685 697
49686 227
49687 218
49680 1058
49681 232
49682 1481
49683 229
49978 611
49979 750
49972 163
49973 572
49970 873
49971 47
49976 1211
49977 658
49974 1475
49975 41
13049 126
13048 125
13045 118
13047 130
13046 127
51018 1368
50540 1003
50015 871
50014 659
50013 354
50544 699
50547 1473
50546 312
50549 1509
51011 340
51016 1842
51017 1041
50732 968
50733 95
50731 377
50736 1847
50737 1925
50735 1104
50738 168
50739 405
50833 647
50832 1579
50783 1707
50389 755
50782 536
50837 1580
50780 884
50930 1738
50427 1451
50396 727
50933 404
50390 836
50423 112
50938 914
50939 1639
50398 711
50399 323
50428 1325
50429 1204
50394 586
50395 922
50932 1148
50397 811
50422 773
50935 53
50392 1242
50421 567
