0 0.5042823
0 0.52574426
0 0.5069196
0 0.4929311
0 0.49368477
1 0.5025651
1 0.49957803
0 0.49861807
1 0.52185476
1 0.4990683
1 0.4954984
0 0.492517
1 0.492461
0 0.5081276
1 0.4916226
1 0.4933826
0 0.5068398
0 0.49017978
0 0.48923755
0 0.49957296
0 0.49123523
0 0.50319076
1 0.50374514
0 0.48917177
1 0.49055722
1 0.48821184
0 0.49843374
0 0.4934122
0 0.4864885
0 0.48845837
0 0.48722157
0 0.49179086
0 0.49987164
1 0.4888444
1 0.5000237
0 0.49778944
0 0.493228
1 0.5128759
0 0.48874655
1 0.49264055
0 0.4962292
0 0.49486524
0 0.48845837
1 0.49183545
0 0.4873262
1 0.50621593
0 0.4888543
1 0.48694208
0 0.4888444
1 0.48845837
0 0.51011914
1 0.52376443
0 0.5062754
1 0.49500555
1 0.496956
0 0.51436764
1 0.509078
0 0.49246132
0 0.49264055
1 0.508675
0 0.49153006
0 0.48860502
0 0.5049283
1 0.49645337
1 0.5170146
0 0.50323254
1 0.50564027
0 0.49302137
1 0.48801464
0 0.49960914
0 0.51655966
1 0.4964473
0 0.4882829
1 0.5248539
1 0.49042782
1 0.5049227
1 0.501499
1 0.49825156
1 0.5095916
1 0.49253765
1 0.50790066
0 0.50508404
1 0.4888444
0 0.52433294
1 0.5056214
0 0.5071925
0 0.49957296
1 0.5140768
0 0.49288002
0 0.49002823
1 0.49288848
1 0.4871789
1 0.5176527
0 0.48788473
1 0.50353414
1 0.51685417
0 0.48845837
0 0.5201261
0 0.4861803
1 0.5029282
1 0.505981
1 0.5207887
1 0.49825156
1 0.5067562
1 0.48845837
0 0.50841284
1 0.5036276
1 0.5071737
0 0.48996365
1 0.5077101
1 0.5127128
1 0.52046084
1 0.49296355
0 0.4946029
0 0.5158405
0 0.50281346
0 0.4898861
1 0.496884
1 0.4936133
1 0.49669513
1 0.4953116
0 0.48846495
0 0.507413
1 0.5075227
0 0.52771634
1 0.48941115
0 0.4945406
1 0.4888444
1 0.50065947
0 0.51192683
1 0.49321178
1 0.49933466
0 0.4984566
1 0.52328426
1 0.50129926
1 0.49302667
0 0.49624264
1 0.5100015
1 0.5070416
1 0.4893912
1 0.50941974
1 0.5081886
1 0.5095759
1 0.503411
1 0.51553345
1 0.5063808
1 0.49496487
1 0.51870066
1 0.48845837
0 0.5096856
0 0.49513307
1 0.5120728
1 0.4947845
1 0.52497154
1 0.51183194
1 0.5139547
0 0.49282867
1 0.4904271
1 0.5064852
1 0.52660215
1 0.5110948
1 0.5048599
0 0.49677524
1 0.5009321
1 0.51415515
1 0.4904929
0 0.4860433
0 0.50003004
0 0.4985554
1 0.51199305
1 0.49809557
0 0.49302667
1 0.5005578
0 0.50064266
1 0.5291089
1 0.50225365
1 0.5009805
0 0.5061552
1 0.51057565
0 0.5191802
1 0.48931733
1 0.5076427
1 0.51449215
1 0.5175372
1 0.52541846
1 0.49159908
1 0.51709133
0 0.5046938
0 0.49625802
1 0.49429655
0 0.5190849
0 0.48648512
1 0.5126342
1 0.4985554
1 0.5051733
1 0.48882654
1 0.49914414
1 0.50867283
0 0.5131625
1 0.4981836
0 0.501141
0 0.50529176
1 0.503216
1 0.49374592
1 0.5032761
0 0.49264055
1 0.52801514
1 0.5140467
1 0.51388663
1 0.49956557
0 0.51024944
1 0.4888444
0 0.493835
1 0.5134931
0 0.48941115
0 0.48378277
0 0.5190428
1 0.49748245
1 0.4979883
1 0.4935456
1 0.51857287
0 0.5056279
0 0.4896851
0 0.48860502
0 0.5023926
0 0.50003004
1 0.50361425
0 0.48845837
0 0.52129203
1 0.49159274
1 0.48845837
1 0.5009162
1 0.5048734
0 0.50321597
1 0.50914425
0 0.5093487
1 0.4895794
0 0.5093831
1 0.49343166
1 0.49081662
1 0.4976845
1 0.52425486
1 0.5050685
0 0.504067
1 0.5043971
0 0.48845837
0 0.49043423
0 0.51809955
1 0.4888444
0 0.52153486
1 0.49557593
0 0.51069844
1 0.5089376
1 0.48837206
0 0.5084821
1 0.48923224
0 0.48716566
1 0.48968577
0 0.49019355
0 0.500148
1 0.5224902
1 0.50559855
1 0.49532834
0 0.48845837
0 0.48774138
1 0.50982684
1 0.49766186
0 0.5023576
0 0.49444923
0 0.49735656
1 0.51291406
1 0.48697826
0 0.52212197
0 0.5055381
1 0.49522075
0 0.49283817
0 0.4989549
0 0.5017768
1 0.49530488
0 0.50994915
1 0.48845837
0 0.5095773
1 0.5165766
1 0.5124097
0 0.49307582
1 0.5022319
1 0.49724588
0 0.49323803
1 0.50343955
0 0.4855142
0 0.5071292
1 0.5037966
0 0.49559334
1 0.48615777
0 0.49302045
1 0.5174177
0 0.50258785
1 0.49938762
0 0.49079847
1 0.5074685
1 0.5045459
1 0.49449912
1 0.5004039
1 0.5168867
1 0.50242716
1 0.49778983
1 0.5065182
1 0.49786535
0 0.4972983
1 0.5081965
1 0.5232606
1 0.526147
1 0.5077413
1 0.5180953
1 0.486
1 0.5079473
0 0.50505865
1 0.49556515
0 0.5073028
1 0.51847935
1 0.49723572
1 0.5167819
1 0.50932956
1 0.5000162
1 0.5166499
1 0.49340305
1 0.49933466
1 0.51916045
1 0.5050213
1 0.5062679
0 0.5006663
1 0.49825156
1 0.52458274
1 0.49008033
0 0.49038023
0 0.4882354
0 0.51161075
0 0.5037093
1 0.48226053
0 0.5180959
0 0.48967585
0 0.51865494
1 0.49990067
1 0.49590743
0 0.5089587
1 0.524221
1 0.49525794
1 0.49324396
1 0.4849866
1 0.48615444
0 0.49428663
0 0.52405244
0 0.4941689
1 0.50768566
0 0.48860502
0 0.48312718
0 0.4996623
0 0.49192527
0 0.5098324
1 0.51857877
0 0.5084081
0 0.49101326
1 0.500974
1 0.5015448
0 0.5012773
1 0.5100037
1 0.5250186
1 0.49183545
1 0.51738524
1 0.5266824
1 0.50346595
1 0.5266501
1 0.52416897
1 0.5232886
1 0.5179474
1 0.5143516
0 0.48845837
1 0.49348992
1 0.5141349
0 0.50206065
1 0.51131934
1 0.5072368
1 0.49817142
0 0.48963073
1 0.5240789
1 0.5114949
0 0.5107797
1 0.4885926
0 0.5023596
0 0.50452673
0 0.49076498
1 0.50568795
1 0.5031672
1 0.50059426
0 0.5226521
1 0.49957296
0 0.51501864
0 0.49266672
1 0.49244994
0 0.5007561
1 0.5126698
1 0.51757675
0 0.49914736
0 0.5144496
1 0.5232241
1 0.51704305
1 0.49390525
1 0.5048794
1 0.50407815
1 0.51246107
0 0.5024293
1 0.52159345
1 0.5049449
1 0.4888444
1 0.49584064
1 0.4949104
0 0.51293993
1 0.49419144
0 0.4960383
1 0.5126588
1 0.5096828
1 0.50812703
1 0.49895364
1 0.49098969
0 0.4912184
0 0.50773686
0 0.48194617
0 0.4985554
1 0.5234869
0 0.5083942
1 0.514406
1 0.49587902
0 0.48946172
0 0.5040723
0 0.49676406
0 0.49121556
0 0.48699677
0 0.49283344
1 0.50701374
1 0.488219
1 0.48860502
0 0.49255675
1 0.5178097
1 0.5028046
0 0.4888444
0 0.4888444
0 0.49201944
0 0.48845837
1 0.49845552
1 0.4888444
0 0.49246922
0 0.49170545
1 0.5072391
0 0.48274133
1 0.48788607
0 0.49654064
0 0.48522797
0 0.4917125
0 0.48824802
0 0.49870867
0 0.48996207
0 0.48321304
0 0.4953725
0 0.4882438
1 0.49825332
1 0.48529574
0 0.49003842
0 0.5077397
1 0.49042988
1 0.514519
0 0.49134758
0 0.4888444
1 0.49278846
0 0.51681566
1 0.4867561
0 0.5213742
0 0.4866314
0 0.48349315
1 0.48923433
0 0.48745093
1 0.5150594
0 0.494772
1 0.4900819
1 0.5009162
0 0.5043508
1 0.5025127
1 0.49764633
1 0.49886933
0 0.5107628
0 0.49948323
1 0.5071725
1 0.4934937
1 0.49906445
0 0.4926239
0 0.5034633
0 0.5082785
0 0.488419
1 0.49921444
0 0.488219
1 0.5153865
1 0.5125794
0 0.49054363
1 0.5021077
0 0.48567116
0 0.49195358
1 0.510066
0 0.5155449
1 0.48962358
1 0.49264055
0 0.4872614
0 0.49170694
0 0.5118715
0 0.4985554
1 0.48845837
0 0.49103716
0 0.49254188
1 0.49740264
0 0.49559936
0 0.49058196
1 0.4821391
1 0.4968342
0 0.48936126
0 0.4888444
0 0.4946195
0 0.49219024
0 0.4888444
0 0.51223135
1 0.4926064
1 0.5125913
0 0.4937871
1 0.48666322
0 0.49264055
0 0.48860502
0 0.49630696
1 0.49073973
1 0.4925105
0 0.5072365
1 0.49625802
0 0.49341387
0 0.4875802
0 0.48558325
0 0.48845837
0 0.4890974
1 0.4893157
0 0.49079847
1 0.50037986
0 0.49496436
0 0.49062216
0 0.4906587
0 0.49380386
0 0.48787996
0 0.48980764
0 0.49702957
1 0.48845837
0 0.4903187
0 0.49002558
0 0.49387485
0 0.49716574
1 0.49148154
1 0.48845837
0 0.48860502
0 0.49433315
0 0.49237832
0 0.4894927
0 0.48910996
0 0.48845837
0 0.50019443
1 0.5049151
0 0.48845837
0 0.48536277
0 0.48824802
0 0.49220467
0 0.49041516
1 0.48543486
0 0.51146305
1 0.5254646
0 0.48606402
1 0.4907988
0 0.4998358
1 0.50147265
0 0.48836052
0 0.49104962
0 0.4931338
0 0.488219
0 0.48860502
1 0.49762926
0 0.50705403
0 0.4888444
1 0.4920688
0 0.48799306
0 0.48974425
0 0.4888444
1 0.5028046
0 0.48536307
0 0.4896034
0 0.48769227
0 0.48952538
0 0.4895196
1 0.4888444
0 0.50774443
0 0.4888444
1 0.5169072
1 0.5123199
0 0.4903284
1 0.49530903
0 0.4913653
0 0.49411178
1 0.50914055
0 0.49829212
0 0.5037438
1 0.48989993
1 0.49664423
1 0.49330658
0 0.48860502
0 0.4889031
1 0.49388018
0 0.49041235
0 0.4951279
0 0.4888444
0 0.49389675
0 0.4992634
1 0.50640094
1 0.5106076
0 0.51153815
1 0.49351603
1 0.49680442
0 0.48863402
0 0.49943814
0 0.48941115
1 0.48845837
1 0.49655607
0 0.49274397
0 0.4888444
0 0.49959612
1 0.48941115
0 0.49152276
0 0.48337245
1 0.4888444
0 0.5008333
1 0.50642014
1 0.4980375
0 0.48896396
1 0.4879976
0 0.49089593
0 0.48525643
1 0.49041235
1 0.48842368
0 0.494905
0 0.5096431
0 0.50470346
1 0.48845837
0 0.50729257
0 0.48845837
0 0.48603445
1 0.48845837
0 0.49109447
0 0.5042424
1 0.4952987
1 0.49761352
0 0.4945604
0 0.49971288
0 0.49528015
1 0.49929798
0 0.49599132
0 0.48388794
0 0.49781454
0 0.48520792
1 0.49501503
0 0.4790694
0 0.49157563
1 0.48707804
0 0.5019809
0 0.48731935
0 0.4888444
1 0.4947187
0 0.48914775
1 0.5059903
0 0.5046576
0 0.4899922
0 0.494545
0 0.49309468
1 0.49565187
0 0.49827752
0 0.4997158
0 0.48643258
0 0.4976606
1 0.4955596
0 0.49655575
0 0.4866179
0 0.48845837
0 0.48948306
0 0.49434683
0 0.486431
0 0.49540657
1 0.49952358
1 0.50065416
1 0.50488555
0 0.4991903
0 0.48491612
1 0.48845837
0 0.50114995
0 0.49775591
1 0.49771297
1 0.49412578
0 0.4988052
0 0.49281794
1 0.49222156
1 0.5086068
1 0.49252552
0 0.48941115
0 0.49769676
0 0.4880372
1 0.4892639
1 0.49060524
1 0.49746352
0 0.49424303
0 0.49782202
0 0.4935945
1 0.50164837
1 0.48861098
0 0.48428708
0 0.50693834
1 0.49975225
1 0.51242054
1 0.50900525
1 0.51003784
1 0.5054567
0 0.49183223
1 0.5035196
1 0.5031794
1 0.5029261
1 0.4923953
0 0.48917177
1 0.4984975
1 0.48216307
0 0.50866485
1 0.49958444
1 0.49006847
1 0.48928282
1 0.52686805
1 0.5007377
0 0.4916275
0 0.50505394
1 0.49581388
0 0.4867235
0 0.50003004
1 0.49222982
1 0.49614406
0 0.489114
1 0.49528655
1 0.48560497
0 0.50102085
0 0.49699193
1 0.49207488
0 0.488219
1 0.48845837
0 0.5028046
1 0.5103238
0 0.48824802
1 0.4961764
0 0.5126722
1 0.5105374
1 0.52203953
1 0.5128663
0 0.49064532
0 0.49341643
1 0.50093025
1 0.5029612
1 0.49693874
1 0.5032122
0 0.4968926
0 0.4902143
1 0.5112316
0 0.4941602
0 0.49547693
1 0.5151189
0 0.4956903
1 0.48660964
0 0.505939
0 0.5078507
1 0.5028046
1 0.49886492
1 0.49079847
1 0.5112745
0 0.50869954
0 0.49136475
1 0.48607573
1 0.49581093
0 0.49697638
0 0.4933172
0 0.48922792
0 0.48430678
0 0.4889834
1 0.49664423
1 0.4934457
0 0.5046801
0 0.4931243
0 0.5121473
1 0.48917177
0 0.48951352
1 0.49041235
1 0.5053018
0 0.4980387
0 0.4964615
0 0.5000412
1 0.49702957
1 0.49818534
1 0.49815726
0 0.49960446
1 0.5019504
0 0.50718874
1 0.50114876
0 0.4946209
0 0.49981496
0 0.48540622
0 0.4941934
0 0.48777094
0 0.489374
1 0.49456432
0 0.49206498
0 0.4983594
0 0.5086815
0 0.49840626
0 0.48576152
0 0.48972303
1 0.4929878
0 0.5102771
1 0.50404406
1 0.51154006
0 0.5072494
0 0.49183545
1 0.5085337
1 0.5055659
1 0.49063817
0 0.4998758
1 0.49901825
0 0.48997033
1 0.48904383
0 0.49625802
0 0.48642474
1 0.50165886
1 0.49860308
0 0.49715352
0 0.48845837
1 0.49764216
1 0.48845837
0 0.48860502
0 0.50405467
0 0.50586045
0 0.48845837
0 0.48720515
0 0.49861848
1 0.4888062
0 0.48965615
0 0.48866168
0 0.48502272
0 0.4913653
0 0.4845288
1 0.48796192
0 0.49798155
0 0.49454424
0 0.4935515
1 0.50528145
0 0.49371147
0 0.49328578
1 0.48668036
1 0.49657094
0 0.49684078
1 0.5120867
1 0.5040861
1 0.49833843
0 0.49041235
0 0.50139004
0 0.5001387
0 0.4888444
1 0.49625802
1 0.51343477
1 0.49802688
1 0.5035351
1 0.48658222
0 0.49736723
1 0.51894516
1 0.51281965
1 0.49875993
1 0.50974077
1 0.50191534
0 0.49179885
0 0.48845837
0 0.48554245
1 0.4937809
0 0.49362302
0 0.48851436
1 0.5018313
1 0.5238548
0 0.48845837
1 0.5107753
1 0.5243537
1 0.49860492
0 0.5068033
1 0.4963658
1 0.5015242
0 0.49606448
1 0.5076491
0 0.505867
1 0.49950308
0 0.48860502
0 0.48917177
0 0.4888444
1 0.49264055
1 0.4978113
0 0.52738076
1 0.5049261
1 0.50537187
1 0.49651185
1 0.4909911
1 0.5183539
1 0.50598896
1 0.4985554
1 0.49303934
1 0.5028066
1 0.48863402
0 0.5056082
1 0.49712905
1 0.511747
1 0.51244223
1 0.49345335
1 0.48941115
0 0.50370425
1 0.50085574
1 0.49583027
1 0.50963354
1 0.4888444
0 0.49822786
0 0.47689757
0 0.4898544
0 0.48649684
0 0.48860502
0 0.5067483
0 0.4924959
0 0.48496535
1 0.49339217
0 0.49271038
1 0.48456162
0 0.49264055
0 0.4888444
0 0.49261466
1 0.5028434
1 0.50273496
0 0.48879594
0 0.48735848
0 0.49603447
0 0.48850715
1 0.48513788
0 0.49275702
0 0.49189916
1 0.5019411
1 0.49458
0 0.5010483
1 0.5001751
0 0.49130893
0 0.4888444
0 0.49174783
0 0.4888444
0 0.4844166
1 0.50214463
0 0.49348482
0 0.48495013
0 0.487516
1 0.5144789
0 0.4956484
1 0.49119344
0 0.4888444
0 0.48941115
0 0.49041235
0 0.492461
1 0.49425668
0 0.49092132
1 0.48860502
0 0.49072036
1 0.49222156
1 0.4947576
0 0.50649744
0 0.51072484
0 0.49948746
0 0.5023749
1 0.48722243
0 0.48757425
1 0.49844193
0 0.48739305
0 0.5007833
0 0.49264055
0 0.488219
1 0.48996142
0 0.48845837
1 0.49486774
0 0.49254328
0 0.4972983
0 0.49023426
0 0.51155007
0 0.48845837
1 0.48845837
0 0.4894075
0 0.4866427
1 0.49000615
1 0.48845837
0 0.50501394
0 0.48788953
0 0.49953464
1 0.48492977
1 0.49614686
0 0.49299973
1 0.48946297
0 0.48845837
0 0.48767763
0 0.48941115
1 0.5052277
0 0.491585
0 0.48941115
0 0.48436967
1 0.48642305
1 0.49804726
0 0.49461633
0 0.49475285
1 0.50018716
0 0.48953134
0 0.49222156
0 0.4888444
1 0.4864134
0 0.49659282
1 0.49445057
0 0.5116939
1 0.4923149
0 0.5148164
0 0.48664027
0 0.4960716
0 0.5031447
0 0.49723485
0 0.5246256
1 0.523057
0 0.49446207
0 0.48668036
1 0.48812115
0 0.5062333
1 0.5126501
1 0.5208198
1 0.49807987
0 0.48797166
0 0.4901452
0 0.49429792
0 0.4876469
1 0.493629
0 0.4976925
0 0.48836103
0 0.486894
1 0.50825495
0 0.496344
1 0.49222156
1 0.51556057
0 0.50731695
0 0.5172664
1 0.5017542
0 0.488219
0 0.49380004
0 0.51125467
1 0.513158
1 0.51532525
0 0.5199783
1 0.51041496
1 0.48780167
1 0.5140564
1 0.49581984
0 0.50647235
0 0.48860502
1 0.5073493
1 0.50090694
0 0.5237672
1 0.514212
1 0.5097346
0 0.489179
0 0.48786306
0 0.49372017
1 0.49185503
0 0.5069593
1 0.5084539
1 0.51345694
1 0.5197879
0 0.4888444
0 0.50059134
1 0.50426835
0 0.4888444
1 0.48824802
0 0.517333
0 0.5083987
1 0.5181718
1 0.49037915
0 0.48929653
0 0.50894004
0 0.48845837
1 0.5062241
0 0.49688077
1 0.4888444
1 0.5165726
1 0.50920653
0 0.5135048
1 0.48845837
0 0.51464856
1 0.5012905
0 0.49148533
1 0.4960117
1 0.50768435
1 0.49924275
1 0.48874655
1 0.4882014
0 0.49412167
1 0.5166168
0 0.49760982
0 0.49106094
0 0.5080162
1 0.49170312
0 0.49066582
1 0.4947387
0 0.49612838
0 0.49222156
1 0.50714046
1 0.50084966
1 0.51845336
1 0.4980368
0 0.48860502
1 0.5028046
1 0.49879813
1 0.48343408
0 0.49786058
0 0.4929552
0 0.48845837
0 0.5018904
0 0.48941115
0 0.49062973
0 0.4888444
0 0.48917177
0 0.49041235
0 0.4862122
0 0.49576545
1 0.49326614
0 0.49109364
0 0.49957296
1 0.5022949
0 0.5154487
1 0.49329343
0 0.49577326
0 0.4872554
0 0.4888444
0 0.50714046
1 0.5012016
0 0.48668036
1 0.5011338
0 0.52501607
0 0.4974791
1 0.48600668
0 0.48259875
1 0.49353325
0 0.48893654
0 0.5028046
1 0.5025276
0 0.49713314
1 0.5012437
0 0.49019513
1 0.5098475
1 0.4869706
0 0.4888444
1 0.49568096
1 0.49514988
1 0.50003004
0 0.49373376
0 0.507017
0 0.48845837
0 0.5072004
0 0.48941115
0 0.4918966
0 0.49052683
1 0.5002317
0 0.49155682
0 0.5029345
0 0.48609802
0 0.48845837
0 0.49227545
0 0.49476674
0 0.4974228
1 0.48948455
0 0.48860502
0 0.48783374
0 0.49630708
0 0.48866385
0 0.49535343
0 0.49262595
0 0.49075153
0 0.4862443
1 0.5058367
0 0.49172643
1 0.48860502
0 0.49825156
1 0.50606483
0 0.4975863
1 0.5028046
0 0.5088337
0 0.49100327
1 0.51096517
1 0.49204567
1 0.4984582
1 0.49320632
1 0.50944966
1 0.491914
0 0.5084605
0 0.49002528
0 0.4985385
0 0.4929921
1 0.5044743
0 0.4888444
1 0.5241087
1 0.50831133
1 0.5009162
1 0.5014537
1 0.50945187
1 0.5045523
1 0.49797195
1 0.49779934
0 0.49545276
1 0.4993843
0 0.4916226
